1256210544140472320
1412389340488032262
1265370741303922688
1265030862506164224
1377569829402599425
1142548108800352259
1142678938113777664
1142758864854630401
1245932185443393546
1436298797689225217
1412162317215744002
1264894440596025348
1243910206532341761
1243951923457396737
1500194209583742986
1271127835495878656
1501345463672393730
731131364842602496
731210953233207296
731238591037329408
732438615188348928
1025696614562684928
1221356139381653504
1221357621011083264
1221359197410996225
1221402299681198082
1221904984503193601
1500806326196346889
1499279637863673856
1255603507572473863
1500961083858763781
953742543493259265
1244195369925386241
1500858559982182404
1500561897783017477
1237270536020881408
1237314001077506048
1237336087091126273
1237337885491298304
1084389485134135301
1386296766274969604
1500020466341322765
1254062958466007040
1381280271815806978
1273294570185515013
1484607648133783554
1499774407304265729
1265514073732628481
1274081957060771841
1262586746971324416
1243273727531520002
1401528224908197893
1246935404806320130
1247157489180655618
1499823649137831943
1252397159783124992
1253729860104736773
1337404837521133569
1322120902889426946
1499417649499025413
303166299125719040
1494802523319943168
1245366631859212289
1500478097195474953
1333418497129504768
1291881033684660224
1399266682275782659
1339236964093005824
1338747532399308800
1394511568109506561
1265313943943286784
1265821342382915590
383455481916039168
705296514755723264
705394641886121984
1230626530499448834
1230842102503952385
1247829479654739971
1248033241669517312
1248181679166029824
1232146976281591808
1315572644947939329
1293137369017856000
1293215957603831813
1092519214261420032
1365215108088156161
1364501151232753665
1383453391607635971
1383526180687532033
1383793138301509635
1383990433160720397
1166461512329977856
1166701873652539392
1167051702127779842
1167415372607315968
1175654550403014656
1177938321080762368
1223695876402688001
1146128996796682250
1240608204238860289
1240987195193929730
1241822887788654592
1242452104221990912
1046149494881046528
1046344759604699137
1046396464438669312
1252189071411228673
1252282537885474819
1252290806586773506
1252290883912978435
1252292787913011201
1252337639157620745
1252341464413044736
1252350843971461122
1252600585511206912
881601902395392000
1101911665145200640
1102174348457201665
1103338718168002560
1103348479542394880
1118470805686489088
765580697444638720
765582254252892161
765599038465007620
1133573400901967872
1134830597698936832
1138885124769165313
1056823565058748418
1088130642628562944
1245685450309881856
1245703436609388544
1245765453085118464
1245775529787228163
1245781903610990595
1245909624286568453
1246033687059333121
1246124045990592512
1246308646037979141
1246797881287290882
1247164711751143427
1247195447237771265
1247269285745045504
1247433991898247168
1249427856247197696
1284477182253965312
1284617082198523905
1284755754147291137
1284903528968970246
1285645954566295553
1285814644712579075
1098181642357739522
858622657096495104
1019058475576516614
1025442773049253889
1376163465841233922
1340385063440101378
1165539491630800896
1165648393194090496
1165859127073148929
1165973425963360257
1165973448075698176
1166060451542831104
1166284735875899392
1166290526104096768
1166322152641110017
1166363451222106112
1166441542170664961
1167714918772158464
1433024829163245569
1279569552255442945
1279697834074427395
1279791462629011458
1194676233298173952
1198591426591969280
1233094474659762176
1345287389321850880
1345760949320474626
1271787421089349633
1273643499301285894
1067082628057231360
1067083118350340096
1067171744216244230
1377913257000861696
1377999145584197634
1378065104898510849
1378103030810353670
1378179548496465922
1378267536383414274
1378294717461508103
1378809898583130120
1071790832553000960
1387406815432949761
1387414059629305857
1449094692788973574
1052039894799933441
1052063715397390336
1052086757167116289
1052098629572448256
1052106380717506560
1052124096929193984
1052126782990770176
1052164511623348224
1052173841609498625
1052285143321366529
1052495352891404289
1052588227264167941
1052631366930595840
1102645132711657480
1180226982967173121
1200661416056885249
1257102069682655235
1101441565019512833
1222446585105342465
1323293565758377984
1310842541336678400
1398625431604056066
1401497915009421315
598988866977017856
600032729812471808
600223021777850368
600332193014022144
600350448860598272
601296910100537344
617044009643438080
955166088614105088
1217707451644088322
1216108945640652801
1228352695226044416
1232673560767930368
1368249719714152453
1467985309128433668
1417070113073807360
1418131844571144196
1058027501396652034
1058258095980171264
1058297273925451776
1058326719860539392
1058640482518138880
1162974882860343297
1163067692787675136
1163075357806923776
1163079629718130688
1163090091994230785
1163112892268535809
1163125831746674688
1163134713839718402
1163190333032865793
1163207230067486720
1445142946098159621
1445144200039866370
1445146804811620356
1445155130656141319
1445165180699258887
1445167445627523074
1445215495850975234
1445242748215468032
1445289055357440000
1445291541627641861
1445296053184520194
1445330997835403264
1445422712772517889
1233960436997017608
1234067808906104832
1234093406114193408
1234382331407949825
1350787114573721610
1206702428957134848
1206866016829087746
1206999066145673218
1208807749414469632
1393689671251763200
1298634106050355201
1229408276405739520
1229465677112717316
1229466940038668289
1229584356890628096
1229716663467171841
1229816429366718465
1229821150085165058
1473191357795680256
1302209178061221890
1302225304652599296
1302265488400097280
1268531135400808450
757878016429199360
1291848510078357505
1292043137653891079
1292095192124862466
1404050023881531395
1404220249151610883
1251621561263697926
1336406143653060615
1336551562550849537
1336704041347379201
1337294168016777217
1232957636800385024
1233049200469979139
1302953351110438918
1291428795665256448
975828778546024450
1192949473388957699
1238568752859447296
1405647882435313669
1405872677554995201
1379175413587578880
1379228591628689408
1379253785118175232
1281997577727221760
1281997973413601280
1282063975103029248
1275134170675773441
1275451451913822215
1275835290981142529
1275911911209603073
1240635518171467777
1241046911227920387
1241060181599027200
1241133450503106561
1241353271257772032
1241423009740738560
1241688777761918982
1242113644554604545
1161395507446669317
1275493026203406338
1275537459036766225
711102105340215297
929003845166002176
1021011249495240704
1323005526331039745
1444405886215233537
1429750954375753733
1163142524367773697
1163209681185202177
1163386615630389250
1163421483043041280
1163473220835643392
1163833814923337735
1244591960964444165
1244632277562339329
852946779448455168
1241508252321550337
1236235625688379392
1322605238004711424
1258886291875172353
1325682252051853312
1185269659580416001
1197973090770333697
1158360120126005248
1393902486906413061
1220721651966447618
1221527994407276544
748681763799662593
1236061783133216768
1301612244032249859
1302333606799564803
1302524253745688577
1302719274910441472
1302971620823314432
1303028190840000514
1303352732791832576
1304137217368088576
1264388548612030464
1346512667511500801
1461835440332451842
1462025433864671233
1417921284198051850
1420693661214457856
1438181559979462674
1439689218385711112
1439822344260931587
1477931395540414465
1479011342719897601
1479092428250435590
1479761916260233221
1479786193004998656
1479883486513319941
1479923363942338560
1480127493684215814
1480303155988553733
1481508029925367810
1449323820389634050
954624775283978240
951915876432928769
1420903405556584450
1316485473922146305
1415781899755216896
1422535182184337409
1388972294412935168
1472886837920378885
1249384473512247296
1258500701224919040
1456979425006800898
1457289452968087559
1457568755995795457
1305070001246949383
1324980263852642304
1355896085458378758
1018157674398142464
231878054824275968
999691299572862981
654124031080312833
1453748744927784960
1455093854340886529
1455133374608297985
1455252915128516620
1457176976066818055
1388276656129855489
1388279853892386816
1388307123906433026
1388322256112193536
1388329083679956999
1388492182080872449
1384641020105838596
1384886141246136321
1384898050796183552
1273211019469479936
1453015389122797575
1023690928068993026
1023782294711148544
1023822879777906690
1024401027737571328
1357385113592606725
1428829174169546755
1429394117881221127
1429440660478779394
623782907803406336
1483800014551982086
1483800278226853888
1483803445320634377
1483816023073730567
1483851827124789255
1483852246270029826
1483882478444163081
1483974565936123904
1484491531767758850
824032220306345984
830798579539144704
956583424105635840
795942900001570816
796022480599130112
1389575716816236546
1437466959768137732
1400049621490192384
1400823101789724677
1475113229470871561
1495147136723427330
1385366823617638400
1378031394748833794
1378033373424324612
1378034617521999881
1378040982659342337
1378043751898157057
1378065248880578564
1378112624173449219
1378279446743019521
1378346349289209859
967094198984957957
1318113737115656196
1349454020977549317
1312216517468061698
976161848402825221
1084821330913095681
1320401408844320768
1338895877457522688
957956757942390785
1074703211389431808
1096461511592108032
1327946702091857922
1265601013362368513
1364561852844408833
1278674491699322881
1279354432367529984
1029724092956663808
1029757314428022784
1029762555965792256
1029763765389156353
1029961325055754241
1479169998115549193
1479170400496066561
1479193195221327880
1479195791700934664
1479209519989276673
1480532277746712576
1481095874130452484
1481357383532220418
1248327646150352897
1248698245083209729
1072189798197194752
1072375870017429504
1072869316301737984
1074644087238742016
1074712634719698945
1074745319819239424
1076029106138042368
1076103764950634496
1077915786717605889
1255908306104856582
1097740127697321985
1407782421769199616
1491405542887424004
1491413173576278017
1492343564822528004
1015989965405212672
1275376015867551745
1385310565913010178
1493791483010371596
1485081066243244034
1486053322029256709
257489752750686208
1445152041144303621
1370096678271909891
1340039602283921409
1340039647695663107
1340179664090873856
1340181004674338816
1340193278336102401
1260065884774764546
1317524772637577217
1475221177945800704
1476240865475678215
1486756230630715398
1080230284979785728
1172042961850421249
1040957684382683137
960999253421170689
961455319091212288
977547884580261889
1423366695289335812
1453946345014759426
1454556591236210690
1074583929158537216
1085927703277117440
972578407564357637
972766394621288449
973216110693830656
1321104456151371776
1321483058172825601
1494662097841664002
1324431775561666560
1391493521236967428
1398009889243475973
1420313844853915649
1324415065324425217
1431577084963459078
1432021791204167687
1432035187165208587
1437389147908542466
1436677101822881800
1436708955720454148
1324220773435727872
1391833486982529029
1475819595047047174
1471788616552792064
1475827926214094850
1494049941844602886
1494209005362855941
1490715419837149187
1496093280450269184
1495504354543087616
1490697184643272711
1490757851102388230
1325389851353636864
1437382547118374913
1218701289502265344
1428283925261062144
1494161340319084544
1492777634715115526
1450818376465457157
1342728050597888000
1495848215953956872
1346403600948473857
1346493940556558337
1469711259167821829
1470156753186738183
1475756790000324608
1335734238176534536
1493728875125219331
1449418210265157638
1491004556834050053
1490326295116488705
1370486891523538946
1495878123967197191
1202647562366390272
1205164106338177025
1488473806473682947
1332755099345621000
1499293509353934848
1239334789389352961
1371767102311440385
1475763080651022336
1267211767555424257
1338231473560821762
1437186251677908993
1448708299260665862
1370904465163874311
1488388219221782528
1475106481326501890
1321157859271389189
1321190849515053061
1321197183136342016
1321209894041722882
1321369765378772993
1321481677626114048
1321700675974275073
1347058831717773316
1489197082456080386
1392751489957912579
1494326970900832256
1341669387502309378
1212850814710173699
1219033713297805319
1266748931452665856
1277566451193446406
1352336819623522304
1446811536735997955
1366115821974650890
1324803821491597313
1325044831110881280
1325117591464108038
1453034510858301441
1457632723468754944
1406364579752562691
873650098013696000
1401914072774463488
1455174932439175168
1233285029297557504
1234519765219266560
1234948888873881605
1471506658509479955
1469789726576156672
1324360453791850503
1481381023497785345
1481387010749313029
1463481520790900739
1452731566166323203
1332063441071255554
1332299457690562560
1332368246159400962
1333420068131262470
758005333784662017
1387549530720251906
1416301361503875072
1497313435327082508
1497320721219043331
1406171992215203840
1428816837681336320
1429515433753944074
1351948602470494217
1184594135673659393
1497668404584468480
1479941552990470147
770619483455102976
1450773790154231808
1450794397516406787
1450924729641152512
1350478624995082249
1495031042587119616
1457636565677744129
1470056028188336133
1494424501106483203
1396489563120472064
1469737000613953536
1471529564044210184
1482316701870039040
1490031667305664512
1381219619097165830
1473574037775388677
1374481005730361348
1459818795644641281
1396287412968562689
1373647273079533575
1473462048537329668
971308164724477952
971512448825155587
1425819222513524736
1491884014248108034
1294636029320855553
1471876776402079746
860990834723958784
871462758486867968
1240951942827970561
1492462279127969804
1407270688965025793
928709586860826625
1350191087583961088
1362825960945569799
1362910678177226755
1363029796935118848
1363120993284333569
1363855302152622091
1363919061453860871
1398560100797882370
1470459511102128138
1404418741509791748
896350890545868801
1483937860973645824
1249061298656153601
1476225334676795398
1498066347170930690
1498236109779787776
1498254078681432069
1498256464921640962
1498290215559045122
1498328521139273731
1498331691143815170
1498348204387180548
1498357505956720641
1498357577318641670
1498358879016660992
1498391265683124230
1498391668592107529
1498397691348504581
1498403342535598088
1498593381940965377
1498677055571042313
1498679541077794819
271230815734738944
1436038443558178816
1462125794369679367
1462269598204674054
1462436380785709060
1462479475048919048
1462487472219299842
1462675340883599367
1463202724850323459
1449115405985923072
1463142217913098251
1448965654246215681
1457000858957275140
1238546038421704706
1238775167008063488
1439649827546177541
1495141776184815623
1401289064016457728
1472629696579973129
1497800315470499840
1469729267172917249
1300616948204609537
1446478333844365313
1185528933032353792
1473246926376255491
1373002142781337602
1440026178539118594
1448568106067107843
946343292274397184
1462545613808029702
1364460867564273664
1234964072275288064
1235161047377612801
1480622227192442880
1368324508277501955
1360330529816608770
1480931718089654278
1370129651746619400
1405506419173040130
1465440794559627265
1246720153540349953
1246762939819966464
1247007920518291458
1332435119269965827
1332680114270777344
1480494963418968065
986552465809080320
1287031327288709120
1419478137885310983
1442482523360006150
1473684298842750977
1199033429809074184
1479171971275542532
1172262146224336897
1197618967185104905
1197999306055258113
1199203019885285376
1307028321360924675
1318090284446658560
1469605595330273285
1466110038007853065
1465276544536956931
1465737367210369030
1489423908549926914
1371199084426563584
1469722737908371456
1319938105110110209
1300771144463720454
1457385080008187909
1002109699637104641
1003587588605833216
1004470441686241282
1011393220402728966
1485528958175223812
1476267141817151493
1476275340045606919
1495627632888717312
1486259038488772613
1486566249186398208
1486585999820050437
1403681199290302464
1404425672739667968
1404427935575154689
1404800772357988360
1486065132283305984
1472952157427089419
1473523812780158979
1479167658197200899
1448283889789722626
1481540761153941506
1384121880106323970
1485923630928347137
1467102596641009664
1384232907128983554
1478449993522503683
1497507956874694656
1263169411642523648
1351598669389328386
1487541605418602499
1444727065471856646
1481833703051608068
1475925508848336907
1493621202392387593
1472196214271758338
856652127053254657
856764074520170496
856787641030901761
856817230981582849
856843106603462658
857216855081189380
857446240035983360
857477951264313344
858824736767397888
859089737155563520
986325013807681536
1480605269109395460
1447997460845146121
1495386396596617221
1495641089960812544
1496245534297833477
1496248085328105472
1496252906227519488
1496253158422626305
1455238592050176005
1456346049405243395
1458108390077616131
1358054204695322626
1497321946991640576
1487921800826793987
1354332119040929792
1354355890040819713
1474412739938373634
1357334259594371072
1225883281700290560
1396287879681396740
1419792980911722502
1420010433147195397
1468283704774742017
1472241498909548549
1472542081008738307
1476210680097349634
1427324705816580097
1332256898410745856
1432109406314016768
1485644210845933576
1295274029360742401
1295299625788874754
1496549644662452224
1431691450505437187
1185280850038083584
1305653425057783808
1305857137667702784
1305891319844401153
1390095824122695680
1198152543341297666
1496813298301427712
1158094409432469506
1497489081755967492
1482370105937993731
1317137777109180421
1472633916423131136
1404834988747595782
1421423304292831236
1403479998900670467
1404794458122686486
1496867868696543234
1499793535285055490
1482472323118780422
1467931881857499137
1221804730743246849
1496753037649526796
1493562348874907652
1319620537358962690
1327295553932292096
1327449488148017152
1327499267066503169
1382090912025677826
1326165293064970245
1352657718742577157
1352861059296727040
1421201229422764042
1469604421680209920
1474005843725230090
1404186038399123456
1484858771331559437
1485982216853368838
1497662419572768768
1498589088777064452
1352858623756611584
1485385360670707717
1377598383532208128
1497228549509595138
1456591032745963520
1320644751138447360
1464981074677751810
1461666196089094153
1293278990984253445
1293290314107686918
1293319052543299586
1460983956237651976
1466700656438394885
1358081144378580992
1478831245970882560
1490429958539431936
1480954364093251586
1474012981814046720
1497253485854826501
1497526397656608773
1396500152194633729
1384513842932289540
1498096855703601152
1469619457144369153
1151402707829305344
1455647464564957189
1375618470616956930
1460568962719174656
1483953853770964996
1217120394475425792
1217239160286781443
1217449951334215682
1481196449056575492
1459923784060788747
1353327942353485825
1454392059431895041
1369688077229244422
1204160531592097792
1199753962720759811
1473787503127715852
1483186301675487232
1497831218758492160
1404070698868428800
1403729739060170757
1467502758290989064
1475159423869980685
1360656013058330626
494708649634566145
1024832730687840256
1221557988281987075
1298187623811420161
1219331349263286272
1219419724733460480
960586402797940737
1473757335080390663
1468691291156406276
1262150805148368900
1262480564130643977
1391053941652209665
1498009880329867271
1483414350656385027
1483429156314570756
1483458217913069574
1468075230161743875
1453109940579614727
1473793668582711307
1330204594522247174
1330559436725903364
1404442227250696197
1304477491000750082
1497912442252414981
1498023620270043154
1418606876720197632
1299052141760446464
1479824502636822528
1392621031429398529
1359855670569426946
1465299643210907651
1468356123975692289
1328563421508415488
1469402335512248331
1386365832444399620
1405458126363529217
1360963303728676864
1421449747995504645
1422151148279042052
1497974773573468162
1493244502718435337
1375066997495623689
1454990443318497282
1392576699104116737
1393670749286805508
1496796921125613570
1468630920760643603
1376141645331189763
1031177125481668611
