1043402756604743680
1043407236423446528
1043467038302326784
1043558120000241664
1043729768712159232
1043761137890861056
1043777120365944832
1043777595651842048
1043785723277701120
1043809837031804928
1043899106320617474
1043929653898084353
1043948898195296257
1043961377256280064
1044116773308641280
1044140804627984384
1044152386284138496
1044165249027506181
1044170513592053760
1044175089405743105
1044177351331008512
1044184624669347840
1044185045181845504
1044187348563644418
1044205444175200256
1044258187472498688
1044269340881825796
1044284790109859841
1044290145376186369
1044333520917864448
1044457094131470336
1044488443118714881
1044514105892245504
1044532712932089857
1044546068925620224
1044616340198297601
1044621997970526215
1044630462768050176
1044631314924785664
1044821051048427520
1044843270730387456
1044862793567154178
1044869993652006914
1044891757803175936
1044897639983181827
1045014163578327041
1045068585331306496
1045200903693889536
1045218523205840896
1045237021692833798
1045253391281270784
1045343609451622402
1045630043219791872
1045665268180160513
1045738737651593217
1270665780598882305
1270667039661797381
1270669568617394176
1270671145407328258
1270676481656709122
1270677812052180993
1270679717369327623
1270684660360720384
1270687304366067712
1270689699548585984
1270695679464177664
1270696837360627712
1270697251086782471
1270698655058726914
1270701399752478724
1270709895428558848
1270717787296591873
1270719933408673800
1270723302957314049
1270725007975411715
1270727042485682181
1298545720908185600
1298547999769948160
1298550753670258688
1298552902684876801
1298556047527784448
1298560831500587009
1298569394759450625
1298570886262353920
1298579078363013121
1298579694267379713
1298580835482734594
1298580952679985154
1298584354235572224
1298587260988698624
1298588502515474433
1298588891729936384
1298591875918704645
1298597790390657026
1298606126410473472
1298610408127737856
1298623734647947270
1298623749038587906
1298635328111046656
1298640232481345540
1298641350632579081
1298643626679873538
1298643867617464320
1298646644469059584
1298654948133974018
1298660240519356417
1298671437314629632
1298671550057664513
1298674415606038531
1298674705310691329
1298676582790443011
1298677859817385984
1298681379996090368
1298681615888068608
1298683010812768257
1298686412703690752
1298687907385884675
1298692825828093953
1298696219061968896
1298697856669192192
1298699871461888000
1298701634617270272
1298703273323401216
1298704266161422336
1298708176527753217
1298709298273374212
1298712960924172290
1298715086580666376
1298725656025415684
1298731955580592128
1298733593754087424
1298736981002706944
1298743156326846464
1298752971585409024
1298761149396054016
1359499995641217027
1359502590602584075
1359503017884663810
1359507040025120776
1359507281348558852
1359507345492107269
1359507441256398851
1359507659410599936
1359507977976377344
1359510149220679684
1359510953512099841
1359510966006931460
1359514393944465414
1359514709964292101
1359514912268181505
1359515280955887627
1374704047261847557
1374707575204110338
1374711346076483588
1374718895710294027
1374726445138862080
1374732439873028097
1374737769378025475
1374752716623376384
1374760420041314307
1374764193736314880
1374785109014900736
1374805717920718849
1374820816672686086
1374821062261628930
1374824591701368833
1374839690885529600
1374858569322012676
1374862591856668673
1374892538956554249
1374900088842113027
1374907638522253320
1374922738096308232
1374971812271034370
1374984897518051337
1374986912155377666
1374990685800108034
1374994463467048960
1375013335163236354
1375017110003277827
1375020885107560450
1375022165217529862
1375034441991659523
1375039870876348419
1375043534089113605
1375073927362383876
1375076202302435335
1375077509889331204
1375081283181637637
1375085417175773186
1375088080726671360
1375088833398726658
1375089416922861577
1375092608603721736
1375101978498465796
1375106424615923718
1375115841839099908
1375126581279080452
1375134131055599617
1375146889583206406
1375153007105613831
1375164077509640192
1375168105131827201
1375171880039055360
1375176106161147907
1375179429861752834
1375183206442487808
1375190717916704775
1375201510422896649
1375217778257444867
1375337974326390786
1375345523775827968
1375358610264322054
1375364398412410882
1375379497663438849
1375384251806281730
1375385430967918594
1375398372090253313
1375417251612872707
1375432759859015688
1375448127503798275
1375448490860511240
1375473869662879749
1375484267606601730
1375507845312040960
1375515393117147138
1375519168452255747
1375564466688000005
1413829118848901126
1413830367916683269
1413830580157009920
1413836128415846402
1413837911141732358
1413837961821626369
1413839714977734662
1413840443687804930
1413841362194153473
1413847098211119104
1413850637209640966
1413851241562640384
1413852401640124417
1413853581346803719
1413856763707789313
1413857036001968138
1413857826619932672
1413865813841481730
1413873648390262796
1413874903623692289
1484156387953463304
1484360101477556225
1484420498104672256
1484472732561588224
1484480899567792132
1484828186776981505
1484858388236230657
1484888581864783875
1485009382135848963
1485039576561250304
1485190577041948672
1485215301969010690
1485268122504507399
1485270963969302532
1485288437238452230
1485341567355432961
1485371764616019968
1485401963831468032
1485492561221505024
1485528902579666948
1485568066675253249
1495679937889509381
1495746055144677378
1495760219124555778
1495795039561261059
1495911220637011977
1496060938377699329
1496065144975200256
1496078731957489670
1496091557384044544
1496113358696853507
1496120604931600390
1496122473263284225
1496131477351940097
1496153686124470272
1496169916403109889
1496187414716506115
1496231438676602882
1496243403335421955
1496394403270692864
1496413031017988096
1496413997150707713
1496415612754710531
1496418067865292800
1496425103856480259
1496434161942413317
1496444108038094848
1496485007556108288
1496501655872983045
1496503728974741520
1496508710272880642
1496512742366359557
1496513797678374918
1496522743541551110
1496523131909021702
1496552941800415234
1496557826243715084
1496560394919460874
1496569454322405392
1496572069856821271
1496582371021406208
1496593780220301316
1496604003660189707
1496607334658981888
1496613338326863872
1496625784324243460
1496629912496713731
1496734725058269184
1496735365310337025
1496736417094979585
1496746978855858176
1496749413204701190
1496752375100547073
1496757411750846464
1496759981974056963
1496761192534138882
1496764496752246785
1496766264274046978
1496769258788986880
1496770776116178944
1496777996950147073
1496783173296001026
1496785602569670658
1496789673523429382
1496796947419643907
1496798151553867779
1496805343883677697
1496815535002161152
1496817181341978631
1496843602844131329
1496846841517944832
1496850267811233795
1496859292552425480
1496882377204944902
1496896164356100097
1496897220741849093
1496906395207503872
1496909037333581832
1496919719269617666
1496922888414322690
1496934170223775745
1496935701329416197
1496938553049288708
1496959822402572293
1496965722500743168
1496971331854028800
1496983281551568918
1496987475906113543
1498655299821084673
1498690815631233026
1498961341373157377
1499036759300128770
1499041527573721101
1499045126374576132
1500424899994738692
1500456197169766402
1500526287764533249
1500592084193001482
1500782073484828673
1500871878126284805
1501184072319737856
1501316831369379843
1501332359840370691
1501335723483361289
1501335808900534281
1501336127885565954
1501338271455928326
1501339410071265288
1501339913223954435
1501344418632142853
1501346289937633283
1501349571498168320
1501349576736796677
1501352062944165894
1501362131098238978
1501366443643785219
1501367162358747136
1501377229883785216
1501382525020622848
1501390829486632972
1501394604356108290
1501397875896377344
1501398503360110603
1501399912663207936
1501405424733470728
1501415039412187138
1501420525859454977
1501427948250873860
1501432593434267652
1501435377487265792
1501437630617169921
1501443174954201089
1501450595911102467
1501452729067134979
1501464302439436290
1501465320938160132
1501467845057785861
1501477912209498114
1501480422085210121
1501482927376543748
1501483030208299019
1501484184350695425
1501487203582676994
1501491403070840832
1501496539276926981
1501497269786333188
1501498528463405058
1501501306552258561
1501503057900756992
1501503073608294400
1501503561229869056
1501504819617533957
1501506329642479620
1501509607025479682
1501513129758535680
1501517185100959747
1501523729561661443
1501525707121385472
1501526734285393924
1501529482540331009
1501531356786003973
1501537548488765445
1501541079471976449
1501541447434059785
1501544335640305667
1501546343189389313
1501557053797457922
1501562197826179072
1501565972406104065
1501567841044250626
1501575561805656070
1501580843973677063
1501582198503350275
1501582330531483653
1501583588822822913
1501584091946393601
1501584846921023490
1501587715250429960
1501589125605965825
1501589880371134471
1501591138511335424
1501591526459117571
1501592396534063109
1501592763288141836
1501594430490308613
1501601708081700864
1501601823139971074
1501602676504768522
1501604224970354692
1501604979894804483
1501605154298150917
1501606741183590403
1501607496515035137
1501612529360924675
1501618414850301962
1501620080848822277
1501623099162124288
1501625764017582086
1501626377807687680
1501626873952014346
1501631670419525632
1501639091934294018
1501646503378620422
1501650278646358017
1501661291609534468
1501662105925214211
1501662117321052160
1501664127030202368
1501664622801154050
1501665377918623748
1501665646970486786
1501667894194683904
1501669152423133189
1501671669563285505
1501674185579368448
1501676702329565184
1501679226386206721
1501684638137290752
1501694480549924865
1501695711972188161
1501695717198364677
1501699486816423936
1501700126502318080
1501700131711696898
1501701125296181253
1501701752650809347
1501769950536605697
1501785064144785410
1501807607027281923
1501845354253332481
1501864148170416128
1501875548183744514
1501890802766725130
1501905714616360961
1501906724252438533
1501981265590829058
1502625113480572929
1503294884127649796
1503883745631387650
1503925268578140161
1503974347836465152
1503996796238020609
1504004084222861312
1504004547999633415
1504009614832062465
1504012092034064385
1504021237584039939
1504023638529515520
1504034348231802884
1504037075309379586
1504056654786088965
1504067259127508995
1504075431649103874
1504088948183810051
1504095964797317127
1504114410683576321
1504129623252213767
1504148088314810370
1504156976758108166
1504163085942083590
1504163773103362051
1504174410617569280
1504178187831447552
1504185744973303810
1504208386648207361
1504212158955102209
1504219709062930432
1504221647598927877
1504240596264886272
1504276336650641411
1504301497344921606
1504336735618093057
1504343491773710337
1504355457573474304
1504366932027445248
1504392864175898638
1504397142823260162
1504417143626080258
1504430520666632195
1504488443929268231
1504500894733410307
1504525723402448904
1504540788767793154
1504572718485807110
1504582348058370053
1504602685647032325
1504653820550422532
1504668918484512768
1504684020352925698
1504691568577449988
1504711581250301953
1504730522353819654
1504748508313698304
1504763877069832195
1504767068498915331
1504767475350740992
1504796407244496900
1504797613576577024
1504798984036130816
1504813716142972928
1504836974695399427
1504855832978202626
1504857662483312642
1504872765660094467
1504879053207064576
1504892894670307332
1504898677701328903
1504899185807659014
1504902962698604544
1504904219282731008
1504912698974351361
1504925358168190983
1504940710184824839
1505001110703988742
1505056028806762502
1505082715963633668
1505082907903381505
1505085986082021383
1505086351569567745
1505087232671105026
1505089077988761601
1505090494082207745
1505091165430947844
1505094554638241793
1505096524728082432
1505098819410747395
1505101676499329024
1505106810885140486
1505111197175136256
1505114355729199108
1505121905430384642
1505122665543180292
1505127145588367364
1505133352508170246
1505137173611352067
1505139449876955141
1505141372113854470
1505141477135032322
1505141878278299651
1505145013017190402
1505146312156663810
1505148548349939712
1505159204570648579
1505167372499488777
1505176008676327437
1505199489510002695
1505204952783802372
1505212504888078340
1505216363371057159
1505222340107546633
1505223824974876677
1505235084529516560
1505238924658044929
1505242146672152584
1505242705302941696
1505246474191310848
1505254024123240455
1505257668092563458
1505257806236028929
1505265093239615492
1505265831198007301
1505266374398074886
1505275415019106313
1505276673708617732
1505277931509235721
1505284222809894912
1505286739581145088
1505287746083991552
1505295548747640835
1505305143629299712
1505320541074382853
1505491604295061508
1505505113217155072
1505518923390799872
1505544099876769799
1505548946147627010
1505573642721185798
1505583820061429764
1505589951357980685
1505591582359175169
1505863825446379524
1505872236380659717
1505898257712660483
1505909844204740616
1505972878818398219
1506020274554216451
1506247443943497746
1506249636675260429
1506249834667388935
1506300696475410437
1506644435693543428
1506848782176112642
1506862882973274112
1506872285579386885
1506873638875709440
1506884344090177537
1506890606211211266
1506899379881447427
1506901811164327936
1506911660132507648
1506912442642804738
1506918749563240459
1506919221728579585
1506919849888526339
1506924630841466891
1506925862154907651
1506968323203948545
1507019406798323714
1507075274688671750
1507091211810746369
1507259506702622720
1507261842804072449
1507270132082565122
1507271567998263304
1507277137732063233
1507296271505276930
1507312588954165273
1507312756587995140
1507313268360110105
1507317504632410135
1507333981628469250
1507349787036770305
1507366695052185601
1507367732697833473
1507369280354009095
1507383662567956488
1507390542782636035
1507390789298630658
1507400869838573575
1507401335989231616
1507421975471439877
1507422306775220244
1507425438859149354
1507425804766134277
1507425818972237826
1507429377365229572
1507429618533474314
1507429643539951626
1507429998701035525
1507431541240213506
1507432461390815240
1507439900991311873
1507440675905748994
1507443405294501890
1507447225323982850
1507454694435794946
1507472825178898432
1507474902412054529
1507475745538514948
1507477418621218816
1507479355244613634
1507480278809423874
1507480988808785920
1507511531956850688
1507512472839888902
1507517758002671628
1507519214508195848
1507528792616714242
1507530478106165257
1507530752652726273
1507623266747404291
1507635305293266948
1507639634251206656
1507643536887451649
1507649055421128705
1507658877743112193
1507668407981850624
1507669220628312066
1507669441999515650
1507673725650411524
1507680387887210501
1507694353883484162
1507694735158390785
1507695803560833029
1507697622609502212
1507697625755262981
1507698984785166344
1507699461547515909
1507699837063639049
1507699950121107458
1507700142102568961
1507700229956644874
1507700238651375617
1507704037298352146
1507704820253310986
1507704866726109187
1507705678529400832
1507706050601959429
1507708880830226436
1507710349948166150
1507711203983962115
1507713313781727232
1507713497345544192
1507715241706237966
1507715790799265793
1507719026641833986
1507719700045836290
1507722709995855878
1507723085419630594
1507734321804759042
1507737374557720578
1507742538551074816
1507745403474698240
1507748741654134785
1507751731962146818
1507754248754253826
1507757853053960195
1507762418285481986
1507768089781415946
1507775639478161414
1507776391617650694
1507779416000241666
1507784080112472064
1507786116950278147
1507792911362142214
1507793589690146822
1507794517897859073
1507794944026718215
1507802064491102215
1507805469628321798
1507807044451057669
1507807726331699210
1507813741563457546
1507814258863661064
1507837879938076677
1507843112760139785
1507850722892828674
1507851136891564041
1507858686839984129
1507865748160630798
1507866700984766465
1507877562126532612
1507896014551851009
1507919085081792514
1507922862027460609
1507931036063354882
1507937959193944068
1507941733983694850
1507953059447468034
1507959684233408514
1507969696230002690
1507976810855813124
1507979482812059648
1507979669471219715
1507987253200834560
1507988083240808454
1507990811777982467
1507990813715795973
1507991099645771787
1507993667792945154
1507994582390345729
1507995152559886337
1507998358547353602
1507998357968633856
1507999284347682817
1508000740744343555
1508003420619390978
1508005765767999489
1508009041162813445
1508009681616203781
1508010345687916545
1508011743972311041
1508013457571921926
1508016073794330625
1508018653803036673
1508024781190447108
1508028087224700935
1508029645358350349
1508030325296934918
1508030340027535361
1508031273041858560
1508036110558978048
1508040935204139013
1508041820852428800
1508043655960879104
1508045427836391433
1508051222087012363
1508051818194083844
1508052111174610948
1508052226362814467
1508052355564158986
1508056112725213186
1508058403058376708
1508058693945991174
1508062529934790656
1508063394129235978
1508063927313350662
1508066909702479875
1508068151531081731
1508068168702517252
1508068355701415939
1508069465648472076
1508071596967268362
1508076340657934343
1508080646798852099
1508085179251892230
1508087219688517640
1508092729032540163
1508093620125061123
1508094265762660352
564737570425155584
954302337094443008
957523516919869440
985510657318584322
985617077108125703
989560356648316928
1035249633059119104
1041288774188261376
1048251468396945410
1051896629610057728
1052124322368815104
1052132332692488192
1052196679263371265
1052197638760787968
1052231777161531392
1052283796396142592
1052318601817014272
1052340983411675136
1052449148719521792
1053103475280748546
1067501278627094528
1072442175764553733
1073568161205760001
1073587748282482688
1073599606670442496
1073606157091123201
1073667983879352322
1073747467978469378
1073788718954233856
1073789610893959168
1073798216926285824
1073850146306383873
1073857801280282629
1073891657093931008
1073907283434778624
1073954375981285376
1073971005750734848
1073973301519757314
1073982269818163201
1073983103478054913
1073989815232851970
1074019242805202944
1074173578109730816
1074184653530112000
1074207527292846080
1074267897256525824
1074288030406623232
1074291814650195968
1074318428339621888
1074333113290014720
1074334161819877377
1074351943445823488
1074363529765896193
1074781894364069890
1074839196634877952
1075352477522935808
1075452733245796352
1075775333595373573
1076816473505624064
1076818796843798528
1076868874480558080
1076873922790998018
1077026164844187648
1077088986265411584
1077106104050610176
1077187084375470080
1077202326312665089
1077232437346758657
1077417418102853632
1077457959876087808
1077460110283325440
1077471299000135680
1077476751587061760
1077482121097347072
1077534422180671490
1077552037464690688
1077592557800976384
1077680920445022208
1077965873510535169
1078123301745147905
1078274415094308864
1078274585919918082
1078275197944377344
1078275438936555520
1078276789347254272
1078278370083987456
1078279602257174528
1078281673282895873
1078286147661586433
1078299749944619008
1078585663438622720
1078622871814057984
1078681993930526720
1078924875526488070
1078958479321247744
1079001588780261377
1079274674176049152
1079648424797048833
1079653383684927490
1079660560562769921
1079663125329195009
1079675116320112640
1079675692554637312
1080316531152699394
1080383528792190976
1080532649326858245
1080551562148163584
1081065092505055232
1081093562538745861
1081106725137190914
1081167242270818304
1081173994622148608
1081282367506055171
1081550375981850624
1081710702656741379
1081966841822474241
1082368928649748480
1082369177619480577
1082409075223212041
1082549741781741568
1082613456761696256
1082756078541123584
1083027706722291712
1083279117833961472
1083624188626305024
1083644800287395840
1084020802029273088
1084215566934654976
1084404692325527553
1084481163656335360
1084745102898147330
1084768938272219137
1087506207391342592
1088131795445575681
1088134351097872386
1088345797895180289
1090134972055343104
1090546258358489088
1090927178882138112
1092854719398191105
1093159533155893248
1093468804007505920
1093515911905099776
1093621674887532544
1093798154548461568
1095253566187540480
1096044291124879360
1096067104049192961
1096817765485367297
1097546528095432706
1099068565238501377
1100871711778631681
1116781119037431809
1117132286355484672
1122631594970316801
1136226020984545280
1144831178127683584
1160197514705985536
1164613058154717186
1175375858544119808
1181100340713799680
1181106465815314432
1181108668533805058
1181135446602129413
1181141480691376129
1183802930593435648
1184543396230250496
1185566270101639170
1186223733918187520
1196877904145264641
1196886311480762369
1196886794127761408
1196890457634222080
1197125082478448642
1197201896731230208
1197202251833589760
1197202868505329664
1198859200249638912
1198859730103525377
1198860057959632902
1198933097552715776
1198984987300782081
1199014323844190208
1199017458394390540
1199025978208595968
1199026857531912193
1199026999282610179
1199039825858486272
1199041557187432449
1199125078681751552
1199268454953439232
1199294678983729158
1199305383954833412
1199305714499489792
1199306023095406593
1199307024334491648
1199307326051831810
1199311796529700864
1199313169547767810
1199342181690949634
1199360324694167552
1199377268226830337
1199414623881043974
1199734880994758656
1199953579429249026
1200029051852734464
1200056406910607367
1200056648016023556
1200057120349196288
1200065346495008768
1200065736670142465
1200065755502522368
1200076852347453441
1200117594499493889
1200202514068582407
1200484431347273729
1205109342992838656
1205257269061001216
1206182115357974529
1206303047481212935
1207383062176239617
1217395995534856193
1217855598601129990
1218188317155565575
1219216435140071424
1219217662070468608
1219249935767523329
1219255034061500418
1219792430251356160
1231629299096178689
1232358787052425219
1232359590903283712
1232384534513057792
1232759984401707008
1233300774651912192
1233384903821144064
1233389654105317376
1233397853319548928
1233471001872207875
1234054170220433408
1234121030710571009
1234214324639600645
1234446031401766913
1234593627919339521
1235128345257537536
1235159280623529987
1235295333455925250
1235930690665013248
1236276850470649857
1237366622119223296
1237471591287664640
1237472776291835905
1244325358263881733
1251866525545328640
1261556559592726528
1261556687699423237
1267070370668044288
1271182167259963393
1275788465213509632
1276261146081755139
1278433880060633089
1279398726876884993
1279579553262972929
1280047669101150208
1280054586519228417
1280069908706070528
1280097866732707841
1280264716187693057
1280896528442368007
1281260455919521798
1283046762580672520
1283858945606479872
1283863197775208454
1285229850052251649
1287837585008734210
1295329669873623046
1297090266017538048
1300180417904029696
1302573522322165765
1304161925874540544
1304193393451565058
1305408441628925952
1309329821307219969
1309477846625259520
1310597852993851393
1310938622867238914
1311021538490167296
1311090348463194114
1311214393837973505
1311244635742834688
1311654528291348481
1311656485714362371
1311679199086862338
1312332262432747521
1312340669290209280
1312360192529633284
1312381569940828162
1312387003816779776
1312406208104607751
1312473316595134464
1312473481930403840
1312701092644499456
1313002792303419394
1313169731785035784
1313512677663223811
1313939209942700035
1314147980149223424
1314289460113149953
1314359736641507330
1314679016134045696
1314842631898378240
1315115408857296898
1315943609548464130
1315985644561129472
1315988153073717249
1316049809837490181
1316916743756009473
1316917167212924928
1317046358017253377
1317057003953524736
1317070985888210944
1317075717310586880
1317080419444162561
1317109639633375234
1317109849294065667
1317110191402422272
1317138380002648066
1317190543500247041
1317210937917661185
1317225177713922048
1317260084997689344
1317269451264450560
1317391542156513281
1317413330060038150
1317416403654332418
1317525788841766912
1317568577562677250
1317698033543426048
1319401500909703168
1319408974807158785
1319685027517652993
1319686178329821186
1319694131824873472
1320308699378929664
1321511468001566723
1322937042943250432
1323548978496065536
1323550489477349382
1323551011609391104
1323551384831205377
1323558834548494336
1323560743351078913
1323565349137166337
1323578182600171526
1323588987034980354
1323611409020837888
1323624535288172546
1323629118731243528
1323629634425147393
1323953509021241346
1323953754845122561
1323953877310459907
1323957984372969472
1324140113773928449
1324179548334968834
1324253570225606657
1324280908841684992
1324294377167114240
1324351417159720960
1324356817909141504
1324358235906781185
1324364129621078019
1324370318757122049
1324372586613010432
1324380545263013888
1324380976525529089
1324384110664683525
1324384760936935425
1324393612411609090
1324612289941655553
1324694662993584131
1324697388762714112
1324697622477754368
1324698606335610880
1324705243674906624
1324705319616917504
1324707174376001536
1324708222960201730
1324709947591065600
1324756020388913158
1324769599037079554
1325051714202980357
1325052034941394944
1325055868640112640
1325129912458612740
1325132830914060291
1325152685348171776
1325154475405815810
1325183375427006467
1325183602389217280
1325222752349904897
1325247287996657668
1325477946933567494
1325489088242311172
1325494560735309824
1325522738962968576
1325523466725036032
1325523762419273731
1325525090033917954
1325529448951767042
1325548793882927104
1325733522838089730
1325733771082158080
1325734056705875968
1325745292159971328
1325762023523835904
1325781270673158150
1325789417752113154
1325821227987034112
1325837063057526791
1325838667722739717
1325839303805689858
1325841227833614336
1325841697507602433
1325842379732103168
1325842464654155777
1325852102531354626
1325854314821259266
1325855231821959168
1325855570621042692
1325855618591305728
1325856667964215297
1325859277886656513
1325859929572454403
1325891216844722176
1325892918301741056
1325919280496599042
1325919696676417538
1325937785489006599
1325954925973696513
1325964536797687810
1325994425240186883
1326007580125261824
1326022018706313217
1326102247315542017
1326103568600985600
1326124064990171136
1326150756882391040
1326158348337688576
1326183298234716161
1326247562735706112
1326291778710990849
1326420730830065664
1326433174495383553
1326433929398718464
1326435098821070848
1326444246149312512
1326444989149294592
1326446096953069568
1326446491616096256
1326449965170909185
1326469147740368897
1326476950735564801
1326481699274956800
1326486689171255301
1326487727819292672
1326488346500198401
1326491349827325952
1326492003224444930
1326492504179548160
1326493984647077888
1326496738564313088
1326497008765575168
1326498768154406918
1326518775273951232
1326519174051622914
1326519819013918720
1326525291544649728
1326525797855793152
1326526216623583232
1326533146431549441
1326535623650390016
1326549881629016069
1326559742551003137
1326562217475661826
1326562276984446977
1326569230578442240
1326570658898321409
1326573819167989761
1326577680800735234
1326580332137680896
1326580685751132170
1326614636578426880
1326640906573901825
1326642006916001793
1326647628487069697
1326695057274105856
1326695443825356800
1326696959709761537
1326750574419865600
1326804698553348096
1326817007291965440
1326827515302866944
1326836524693000194
1326848464865562626
1326866763213139970
1326869401195450368
1326870014750838784
1326871990280609795
1326887973267394560
1326908447238066176
1326911764546658309
1326913857835687937
1326931658315096065
1326934241645649920
1326934528569581568
1326934856857755649
1326934978026999810
1326939514321956867
1326941096484724736
1326955640355500036
1326960119301754880
1326979890160295936
1326983391627997184
1326984434457960450
1326987153998540800
1327005157549367297
1327078904515923968
1327148385644793857
1327160927528095744
1327186234930835457
1327194588633763845
1327200891951321089
1327201806653542400
1327210446835904513
1327227758674632704
1327252232203628544
1327254347948896256
1327270418273669122
1327277631147036672
1327298069529059332
1327312357996032001
1327314729577181184
1327319402174353408
1327325629797298176
1327330246417395713
1327330378441510914
1327333673897607169
1327337506141040647
1327339553062051841
1327340472189284352
1327341563266166788
1327342165392039936
1327342902343774213
1327343059441508352
1327349161004511233
1327349376151396354
1327349661984763906
1327352584366149637
1327354677969768454
1327354780067434496
1327354838812921856
1327354977841520641
1327355074104995844
1327355226907684869
1327355465634820099
1327356455322873856
1327358945002983424
1327358962551885828
1327365395578310656
1327375499237208065
1327392507299246086
1327413927022653444
1327423504862437376
1327427684755009536
1327435583342297088
1327436166942101504
1327459206157524992
1327490227632562176
1327520391858892800
1327521650808664065
1327528898037428225
1327529488197054464
1327530222741315584
1327537924557185024
1327540006760681472
1327540339125706752
1327542371383390210
1327542801651798018
1327545138638442496
1327552961267036161
1327560410661261312
1327566043901009921
1327574225683689472
1327579217324806144
1327584430228201474
1327587021276246016
1327588811245760512
1327590794845413377
1327604486974672897
1327627603243659265
1327627971075710976
1327629724223479814
1327630017237561345
1327647057918783489
1327656750498111488
1327657169492336641
1327704643661688835
1327717558473125890
1327718692784889858
1327723735093272576
1327743670053953536
1327850071208173570
1327859087560871936
1327888766694985729
1327926008641695749
1327945710621306881
1327953691148767233
1327989441512804353
1327989738385666048
1328003058723393540
1328042582694273024
1328045109644914694
1328064465229766663
1328209442538569728
1328351402607906816
1328351771513794560
1328363119874367493
1328415165491142657
1328718767040454657
1328738287859757056
1328741414981787649
1328757295883366401
1328757795609399297
1328786318491590658
1328790592600551434
1328814205559074817
1328972905686978562
1328973413340356609
1329006961975824384
1329008974474211328
1329017594397995008
1329018353827147776
1329035766165594112
1329069350855208961
1329218076886306818
1329580452773027840
1329589512050266113
1329654834216235008
1329655975490449411
1329659211912007685
1329686175452434438
1329690220741201920
1329690944216719360
1329702628520054784
1329734173800730627
1329739808051228673
1329753248346025984
1329786881484222472
1329814217013284867
1329814355093970945
1329818346875998209
1329859295769456647
1329877669215952897
1329937852642308099
1330493688099659777
1330500312495480839
1330519447027769345
1330535257951641603
1330615131382964226
1330772201449152512
1330828576128692224
1330985261950504962
1331355415414788096
1331356850500014083
1331372535057850369
1331541653115588615
1331551744028012544
1331556564222631940
1331556593142525954
1331644537995931649
1331674521103986688
1331960281338097664
1332072443888996354
1332161976517189632
1332290434899570690
1332294686334185473
1332377835055566848
1332628243728490496
1332645920001851394
1332738483094507525
1332752343528595456
1332759423467593729
1332760030249164800
1332763603611643905
1332763816204054529
1332765518726619136
1332766710538100739
1332770142565101575
1332783551461384193
1333099603646967816
1333140863334150145
1333332644323614722
1333464124622299179
1333473014944555011
1333474953035980804
1333488480324907013
1333509365513527296
1333683800430227456
1333803314757083138
1333876195021217795
1334572768097169410
1336941296208891905
1337321661708836864
1337327597689167872
1337328522445148161
1337520436775706626
1337678152106127361
1337812140779069440
1337847542340612096
1338939649209868288
1339235601602605058
1339807353814695942
1340672280054145025
1340706505163739136
1340752596831789056
1341341011688173568
1341467879842131970
1341912408139436032
1342175709851123712
1342570424794820610
1342792094256136192
1342817441970331648
1342860378196365312
1343123621498261505
1345293938119335937
1346457828614144001
1346471649541935107
1346587857243222020
1346743074035261440
1346744112062541824
1346757870742872064
1346760661859250177
1346766848973545472
1346792689300365313
1346801627865477126
1347282660679426053
1347573418825297920
1347655220663345158
1347890869245005826
1348188384175525888
1348547069531852801
1348623195411079169
1348729584112570368
1349778294783303682
1349783130991943681
1350137523536756737
1350271384992296964
1350329713336713216
1350550343826944000
1350551980326973445
1350646220620967939
1351255287450234881
1351378852887597059
1351564220236705792
1351833933902655489
1351834225000013826
1351841343694364674
1351968496469618690
1352023372184608772
1352069120519532547
1352236851910889474
1352257138639269889
1353246892080173057
1353372236539850752
1353549555577581570
1353579261320454145
1353748256946270209
1353784993642901505
1353975970043109378
1354023698727108608
1354054637851189248
1354111946455445504
1354161941292449798
1354364684267302913
1354370670596132867
1354488876610543617
1355242200062447619
1355535680789762049
1356535462068973568
1356593253064278019
1356598172190208000
1356618378719473668
1356618395194654722
1356644844538576896
1357135352612360192
1357712252019826692
1357802263239159811
1358773114281340928
1358887677391683584
1358893470006575108
1358919160273715202
1358950678341812224
1358984167917297666
1359008200637493249
1359016678999400448
1359066400086720513
1359075087203377152
1359076424825638917
1359123623257255938
1359150057895952389
1359210170572824583
1359237879516512258
1359660950761197572
1359668260829028357
1359684129537875974
1359743410467450880
1359766654260039680
1360184675927552001
1360208968203796484
1360627293354266626
1361022981863006215
1361087937446875137
1361096120336809985
1361244012259196929
1362245373947961346
1362322108676788229
1362369866997628930
1362378017528565761
1362405257784020995
1362632888139853827
1362741320209547264
1362766752376094723
1362807415343894532
1363249570449399810
1363277396217106436
1363361124150697994
1363379221125554182
1363473568059830275
1363934957526274052
1364113181359157250
1364130395458056192
1364151462914191365
1364153204326486016
1364698595824447493
1364703360264232960
1364830472166137857
1364838014472642560
1365069111076749313
1365273322506838016
1365305295732412418
1366278277787123721
1366387421022203908
1366704846418497539
1368125978879406081
1368129486198243331
1368155380849774593
1369328125755195392
1369968476127911939
1369968994699141124
1369990610480939009
1370012036743061504
1370172688837267456
1371029800916254720
1371058584071602178
1371184134584950793
1371527776759648259
1371846216603029511
1371939330218950656
1372056985382752257
1372473454474240006
1373340467656548355
1373520760849846272
1373727591488757760
1373801733487476737
1374044879186239500
1374083733792423939
1375438258759434245
1376930055528587266
1377211280063393795
1377213158436261891
1377219873730781192
1377246788588044291
1377349790871089153
1377424072124981248
1377585312763940865
1377592846342103041
1377641402037805058
1378000540915929098
1378935743687454724
1379044005841940480
1379185830305095687
1379480281871159298
1381345106662424577
1383663944162631682
1384525885529800704
1384847083216244737
1385238932577734664
1385248561621835782
1385290051358183425
1386678586686464000
1386732556096212993
1391163543286857728
1391747495231954947
1391997548882190336
1394727590066376709
1395096789792038913
1395269443614396422
1395871698902257667
1396370506035564545
1396410771513520128
1398008770924584965
1400299670153437187
1401899746562908162
1402210278159306752
1403367385894162436
1403383218150146049
1403751276811374595
1404072311951593479
1404257028923662342
1404460034994671616
1406971415233019908
1408446944406650882
1409170198817607688
1409226276808937474
1410196941158424582
1410224238083162119
1410260931385384960
1410310550492528645
1410336977313046531
1410533331515682818
1412286840565125120
1413868545415553028
1413876157393641476
1415242162875166733
1415911484316602368
1416732457634832394
1416808299060736005
1417150765727195139
1417515228271624203
1417531179020980228
1417658577095995394
1417663563649490951
1417675698144120836
1417735326953623554
1417752233714888706
1417753898186596352
1417778940815544324
1417811670550863872
1417820137999175682
1417829945280184324
1417831106871758851
1417833071890640900
1417836004501868549
1417850833820164096
1417856137051975683
1417872145397518338
1417872367406227460
1417873551181426689
1417873824712953868
1417877345793449989
1417877840343834624
1417880408180527113
1417888413605314567
1417899863455449095
1417927459291471873
1417946849135276032
1417957942243041296
1418030469459939331
1418046894060675074
1418157293141700616
1418267908803895301
1418608291513573378
1418609352559132673
1418626741376012289
1418662202563649537
1418887791975583752
1418986837486407685
1419349225716940803
1419357820462456832
1419995987125407766
1420090755213836288
1420188040971132928
1420398651533262848
1420542254155014149
1420671957989658624
1421409834260443138
1421448362256109574
1421488613108355072
1421576545672499203
1421586040050094085
1421593376516882435
1421596028466253836
1421598043795767299
1421598641165373446
1421821701013245952
1421843661898227716
1422105404822130688
1422841587919372289
1422846826391166976
1422862356766502918
1422884529589587972
1423304505697898505
1423598791261892608
1425863690515931138
1428963138154737666
1430593112255213572
1430627676616802305
1431683511803469825
1432616237666689027
1432668444084908032
1432678495113654278
1432694923493576706
1432695132009246725
1432695156545892353
1432738194492215298
1432768953319841792
1432772345442230275
1432802874875076609
1434033487137411073
1434858571594969090
1435688719156195328
1436691001826025480
1437708197444292609
1437832604439519234
1437839033980305416
1439184764225966080
1439325906707886086
1439351058430631940
1439354420530143236
1439396869474603008
1439511584515280896
1439513878744944646
1439550310406578176
1442193539274731527
1442566995585667074
1443188286625828870
1443447316392857600
1443459139418664960
1443584498176708613
1443616660833832964
1443734909529567232
1443955376811032586
1443957626526523400
1444026498470584324
1444083845226123266
1445500115385413632
1445502974050983945
1445517019864973312
1445529083018760198
1445653818201423876
1445739081921490950
1446694410180341763
1449437501672894471
1450801569797181444
1450961635808530439
1451051174065582081
1451110097908862980
1451172823616135171
1451212964229533701
1451215466391916544
1451580748729884672
1451818383381520387
1452649059416743944
1453102548114624513
1453386711170441219
1453717340244168706
1454099260828434440
1454099300854681600
1454100326395617283
1454102275861925888
1454104881355239432
1454104999538081794
1454132368856559616
1454368048375271425
1454412817562472453
1454493300556124166
1454798711616413701
1454837944884289544
1454855460884996101
1454863302262132737
1456094324949540864
1458094941989707792
1458709846312865794
1458841960895156224
1459099422122332162
1460213416405127176
1460243181472256005
1460261319639281664
1460321235666096133
1460350888149757953
1460499997422768130
1460631544951934982
1460889587035738118
1461342699387191299
1461694271803863043
1462043056853635087
1462302869818855424
1462784977934983176
1462786186607570947
1462787153814069258
1462790213982380033
1463062279134621700
1463109221520711681
1465368503452639240
1465606133826084867
1465618308963655683
1465753118956793860
1465775281621327875
1465988825805697024
1466002237826777089
1466346729234743300
1466502068705898505
1466782527637626891
1467426695187771393
1467855614525284356
1467858211776643075
1467891503322345477
1467915271029600256
1468227594839597066
1468231939383517195
1468280409373003779
1468608022532562946
1469008457948966912
1469013109104914442
1469430917181673478
1469811861235318786
1470060992835080202
1470462070613291022
1470773640107016206
1471296510994399232
1471754117274087427
1471763584883597319
1472295580114243587
1472298287013244934
1473056195690778625
1473536363706437634
1474051999092121601
1474310499747696642
1474361850649321478
1474492579639083010
1474545430373359621
1474651131028676611
1474771425936424964
1475073392311214085
1475102363811782657
1475103295295397895
1475105810573365248
1475117225103220736
1475179723810643971
1475285605848215564
1475435396620238855
1475471574484410369
1475591641046167560
1475840310399930374
1475866924642816003
1475883020460642311
1475886764871098368
1475899886998540289
1475906354225295363
1475919509575847936
1476098669539741699
1476181128822374406
1476226278810398728
1476253234817871873
1476376368782970887
1476408502763536388
1476426229737791492
1476430884085673986
1476448590650347521
1476493113757925377
1476505844804202505
1476516123411632128
1476535395399749644
1476542497551622154
1476599553839312906
1476600182997499905
1476653731894546433
1476712140228726789
1476713842042445829
1476771263339106309
1476789733334396953
1476823686057545733
1476827707585581062
1476840552633192460
1476849982783250433
1476885647218683908
1476901367893696529
1476902083525845011
1476926137053982729
1476935708120125443
1476937901300752386
1476981425559715854
1476981889781190671
1476993123981139973
1476993443763208200
1477003542024138752
1477025951167160320
1477073767205584908
1477171934035156992
1477173118502379521
1477199794481164289
1477208114059530240
1477237147165995012
1477475785040609283
1477629399583408134
1477694314268573696
1477852311116468225
1477928054550794241
1477981463282962437
1478018960285073414
1478020005589569542
1478028377202180096
1478353159038947329
1478464724585140231
1478649749817413632
1478695189191573504
1478884555599851521
1478898836336697344
1479136048441667592
1479324416941064194
1479350447014137858
1479407472326500352
1479430643062874118
1479431663562084352
1479434019909607424
1479444265994530821
1479676014624137217
1479831562309062656
1479907642772541443
1480025668469596164
1480433180415078401
1480516960676941824
1480597241433894924
1480602480392261641
1480750498244599814
1480865708854685698
1480902454044672012
1480905178706595843
1480986655435726855
1481178196016087043
1481199270917070852
1481246097205047298
1481303365254803456
1481350389572251651
1481360095514529793
1481483645911281665
1481483652257177601
1481487851367845892
1481569964549099527
1481622830764675077
1481638745661054978
1481646021830529028
1481730353920315392
1481883497690193922
1482020935594954759
1482052970745409543
1482333849329840134
1482382385203363844
1482382671342886913
1482384033455943682
1482393634096005124
1482393722943901696
1482402991638560777
1482416288467202049
1482417310392532997
1482440799648419846
1482441550152052741
1482505588194131970
1482541125542027268
1482627453856137220
1482627498647207936
1482635193223716869
1482645103520927748
1482661070321901574
1482667792084221955
1482680518508707848
1482687583180230657
1482705898141364227
1482726518505754625
1482737093998747653
1482752672096731140
1482766719387119618
1482769265900011525
1482769279217025029
1482789064772399104
1482804161871765512
1482990257574453254
1482999236434214914
1483050702717042696
1483066498532921347
1483067989377396740
1483085647262879747
1483099249210499074
1483132792468918277
1483134317022822403
1483172474858524673
1483190038074728451
1483320339102945280
1483353163264630785
1483446929434587147
1483466798741790726
1483484695711072256
1483523503869550620
1483574995125260289
1483749063816265731
1483753929636728834
1483777316115431431
1483777512702365696
1483786820332761089
1483844709420347394
1484064150062080002
1484078002837368833
1484089177817989123
1484109836564549632
1484126537343508480
1484131089585221632
1484134109819592705
1484206566253473798
1484227483729805318
1484256364050497537
1484260470072692750
1484518643916546050
1484571492868247552
1484874658184847360
1484875443698376712
1484924079975145474
1484995787494936582
1485181128013135874
1485182010897350657
1485315223020052489
1485378764892692488
1485407958972436485
1485477083447009282
1485575533744295940
1485621798775537670
1485623452296003584
1485627744234917898
1485656109364961286
1485697192568446979
1485855150539423756
1485879572486930433
1485886568816644097
1486385669526196228
1486407621556850688
1486411733140918272
1486442304948875267
1486648930414866434
1486669037895659524
1486687182429454337
1486721754437337088
1486783149686276100
1486934916147384320
1486958061759643653
1487001820304187404
1487043712635052037
1487074998795878405
1487076424074805250
1487076670939009030
1487085559776374786
1487090793361940493
1487123997439537158
1487144783680348161
1487148550710517761
1487177859164774401
1487253170229325824
1487372466091614209
1487383438323814406
1487414987333246977
1487439205177438209
1487448876760158208
1487454779701927940
1487494265924161540
1487503685580206086
1487512628180230151
1487524932049375238
1487526186196602882
1487561317443641345
1487656340172455939
1487661121691701248
1487693311942877186
1487747282145529860
1487753513283518465
1487768371798102024
1487783382687920131
1487829207472246789
1487852087681634314
1487855856377028615
1487944394045112320
1488066959245815811
1488078813489676293
1488081285272817668
1488084951299936257
1488087887589658625
1488093713192480770
1488098205632016384
1488100280457732099
1488108031221329923
1488127429319266311
1488132329847590912
1488143878586781698
1488147724574896134
1488153112003190788
1488154338715394051
1488156802273492999
1488196696777662465
1488200655068188674
1488225580155867142
1488233687460241415
1488243044335996929
1488244731809353730
1488268004165042178
1488305205083090946
1488325639484620803
1488426614471987205
1488438645199712260
1488439651731972096
1488452068943802372
1488480856708579331
1488498690948059143
1488509688111153158
1488511051750649858
1488514605991305218
1488517452963192838
1488522040801902598
1488539074000564236
1488556374090997766
1488557145951903745
1488577709668286470
1488607608424566785
1488609559870681088
1488619202311303172
1488623977266356227
1488840170921148417
1488854135084564486
1488858737754492930
1488874847295918084
1488887782999306243
1488910899939315714
1488961044722720773
1489110466475528192
1489183463156731909
1489184179212402688
1489194440061239297
1489205478592815108
1489211131587612672
1489215573976301570
1489305717161046022
1489504915126947842
1489509496976203778
1489510536312078336
1489516426398519297
1489519151437819906
1489519578904510467
1489524857931014149
1489524936762867713
1489525007961182210
1489531364391239681
1489532759584428034
1489541562291965952
1489543754319118338
1489544258403147780
1489548837232463872
1489552563070451719
1489568723350474757
1489576976767590404
1489576978265124872
1489584534207315974
1489586777866358791
1489590211357167622
1489593332040929287
1489625773384384517
1489667666352783365
1489671558025076742
1489679768492650504
1489915708989444098
1489982214628597763
1490243868142493699
1490249935865978884
1490250960542777344
1490319831203258368
1490330490766872576
1490354600502644739
1490393911826788352
1490403251501645830
1490441286628909056
1490441290634473478
1490442657432326145
1490455261097578497
1490457430874075142
1490473949741920262
1490483008171909129
1490520803712114689
1490666869539454984
1490671772928253953
1490678220806668300
1490693436760018945
1490705779938242563
1490717114465931271
1490721929468256266
1490768315328962560
1490804381847105536
1490822639493033989
1490827715301330947
1490837814409375746
1490859116150988800
1490860545397997569
1490863802912546819
1490913405775060994
1490928528849874944
1490932170365546496
1490935928285655042
1490937162472181760
1490943226424926209
1490943479853158404
1490952525410930688
1490966216260915202
1490966285261238272
1490967422941433859
1490975353002610691
1490981227125350402
1490985170597715969
1490993556076605440
1490993809886367746
1491003274715037697
1491006637930606595
1491007417714282496
1491011224875806721
1491011428077252610
1491030300213846020
1491034161242841088
1491035306019409921
1491059836771274754
1491060116648775683
1491071727996133378
1491072939919552515
1491077216419332102
1491080150641164291
1491080280354193411
1491088543028068354
1491091316779982851
1491094480824549382
1491099674492735495
1491115864023834630
1491129380038672385
1491137170715082753
1491141565200617473
1491150436065320965
1491161886460715012
1491173938138783747
1491177522049871872
1491289759808778241
1491313416643952646
1491318798925721602
1491321814592950272
1491354617669632004
1491384844555010058
1491397630772989953
1491422887655489536
1491422887269617668
1491424592392761347
1491426666798850052
1491446794584268810
1491449534291255297
1491471967391789061
1491492325159325696
1491493676027199491
1491498230852505601
1491500465569529856
1491510820630585355
1491511951398211584
1491512273436872707
1491512937600765952
1491513415550054400
1491514646800576521
1491514888132255746
1491515376819220483
1491516566294380544
1491517070055407617
1491517260921458702
1491517683023626245
1491518821211029513
1491520817485676544
1491522293180383233
1491522361572614148
1491522796685598731
1491544941331369991
1491576900824748037
1491577600820625411
1491578747451064326
1491578896281743360
1491579487477243905
1491638555592237057
1491647337806061574
1491672138776035332
1491694747559153665
1491696322600222722
1491704592551321605
1491704666052251651
1491705470729560065
1491705521619050496
1491705522063654912
1491724373547495427
1491732053918105603
1491747255220584455
1491747516970422273
1491754967153221633
1491754994831351808
1491758851988746245
1491762428492890115
1491773371155111941
1491776080151203842
1491777173753110531
1491779571808669696
1491780486456221697
1491783332236984330
1491789258956292111
1491793536697593864
1491794992540487683
1491799555213381637
1491800453109088271
1491802374037393410
1491828885809414149
1491836223962427396
1491837016346083333
1491877422437965829
1491907107377094659
1491915956154769408
1491979885564383256
1492014694630137856
1492060003511017502
1492061132076589090
1492084604152520704
1492101621127524354
1492103622896676867
1492105619108728879
1492115046851391494
1492126925690740741
1492151450964832257
1492152076935307266
1492152923937292294
1492161411417522178
1492162747555004416
1492169471187955713
1492187833372659725
1492188318867628033
1492189198803161096
1492190684564140042
1492196828154052608
1492208749318189070
1492208868226748427
1492211008127090694
1492211986830143491
1492224192099635204
1492225717324689415
1492244615851913220
1492390281181900804
1492428979709648896
1492431921158127617
1492444160447729666
1492450520681832459
1492451957285527553
1492471665988669444
1492476926635687942
1492479366051291141
1492491087084204034
1492513832740462593
1492519009203412993
1492520935827595267
1492536860266143744
1492559131626160135
1492567144835469317
1492616719566786565
1492618593447686147
1492780659743539200
1492807284288024577
1492870125548101636
1492870432764178435
1492881554661597187
1492885781639278598
1492926545328893954
1492956236643454979
1493122838408011784
1493166141421887488
1493181978522243073
1493185007267024900
1493186677841534979
1493189786689052675
1493194850459602949
1493198336475774978
1493200601080942594
1493208221225558018
1493217844833800195
1493222604039204866
1493238604327317505
1493252286369439747
1493262695134552064
1493264767422812169
1493270032247316487
1493278684249219080
1493290113828274187
1493324208771842051
1493374552281436168
1493383265654382593
1493462839843082242
1493474638672035840
1493476257505456128
1493491078800068608
1493509461838909444
1493611193398964235
1493649431941595140
1493663229251309573
1493699238160646150
1493731866251304964
1493819896698142721
1493837438715932674
1493852587241746436
1493857199650709508
1493860927577333762
1493864501124505604
1493880267987197954
1493882846343221261
1493886806160547841
1493890396031647746
1493903600883572736
1493906016584364032
1493910043867164673
1493910172032512005
1493910292392071168
1493911269870608387
1493916845006635010
1493918160843677699
1493923441510170631
1493933189299159043
1493945650215542784
1493956307581349889
1494006271082741763
1494007981893169160
1494078965916524552
1494119468737388546
1494196922978029571
1494228840914296835
1494236900231634946
1494245048564826116
1494248286219534336
1494262122326417410
1494286444084580355
1494305295937458176
1494307283031011333
1494334986526232586
1494386246499684358
1494393841566330886
1494408814912671767
1494431549198159873
1494434773577744386
1494446705412124681
1494643516122796036
1494734192156061700
1494741789768437761
1494748551661842433
1494773421355507716
1494812615880683520
1494876898844983303
1495047493305913351
1495062153010814976
1495098198792478720
1495348409880182788
1495355899623391234
1495368733241585666
1495370852354998272
1495381823194640386
1495406878368706561
1495425446846074888
1495641089960812544
1495749589437227008
1495845560762441735
1495869663405920262
1495880205998727171
1496061799757750276
1496186351158501381
1496212566984609793
1496253158422626305
1496364389871480836
1496522892636532745
1496541084020887559
1496737980328914946
1496767912476041219
1496782236645203968
1496790578411061248
1496820249370451973
1496827751323504640
1496859616545845251
1496860874878951431
1496868576543842325
1496871351533060098
1496875051441926145
1496877608134492171
1496886504127410181
1496893250971443207
1496899524060762116
1496907606702661636
1496913282900250634
1496916051191287810
1496916545691275267
1496917503829848068
1496918493329244165
1496923796506386436
1496924833099223044
1496930049131528204
1496933632757403651
1496956598538825730
1496963646655807489
1496983344822763524
1496997595771817987
1497004684002922502
1497086057338355720
1497121538901958696
1497124918542098439
1497130321451573257
1497130819437187072
1497130994289238017
1497134996351447040
1497151760053551105
1497156551492186115
1497177755519275008
1497180648934719493
1497181670461644800
1497182553987506178
1497186380102971395
1497218017465360387
1497227863732465669
1497228539313147909
1497229142311542786
1497238717945237507
1497239833718267908
1497245906441314327
1497246710694912011
1497247949428076550
1497248023948271622
1497257282966597636
1497263967873507329
1497270826688729092
1497275612142215172
1497279654650073090
1497296462513950729
1497300637217964035
1497302350805049350
1497309864640618501
1497319263555960832
1497319277526982657
1497323739570135050
1497325441715212293
1497325531326472197
1497325881471250432
1497326512797851652
1497337490260250631
1497378515595010048
1497397407436394499
1497446327088648192
1497481562991906830
1497505810011852802
1497534409645379587
1497557061252665345
1497561087331684352
1497567783151980547
1497604465280659464
1497611625532051456
1497631675303415811
1497632791852425217
1497634747538890757
1497646533906415619
1497646588373905409
1497651412850860038
1497655602113396736
1497660476737527810
1497663983028883457
1497690370163060739
1497692523095019533
1497705842396864512
1497714509997383681
1497752487276601344
1497877936149602306
1497888114303729668
1497904346926886913
1497905228779339779
1497910491519328259
1497922800551706625
1497923587872755715
1497924317811781637
1497925527239340037
1497929471101390853
1497931912903598082
1497954447741403137
1497955842049642496
1497973667682263043
1497979513355001872
1498005827592114182
1498016332993884163
1498019589149671426
1498031536507076608
1498033868892483587
1498034387899744257
1498039277380378633
1498133881488396293
1498153619962667010
1498240309234393089
1498246197252866050
1498247858587324419
1498256946142531585
1498260212679155713
1498281163663814660
1498284130471133192
1498285388808560644
1498288396862509056
1498295568447254528
1498297292712992776
1498298588773986305
1498298627739033606
1498299227553906691
1498300520376713216
1498313313771573255
1498322842504646662
1498326284614705157
1498327539667845124
1498327763912212495
1498330512141787142
1498331375958691842
1498335444907536390
1498337636951465987
1498337812965470211
1498338901311774721
1498341820916543496
1498346357999943683
1498347946974367749
1498348579676725250
1498349785383936008
1498364323009384451
1498364881191374848
1498365710128619521
1498371157380243460
1498371210333274120
1498384475184676876
1498387535277568007
1498404991857528836
1498405036430442496
1498405380791349248
1498405591156506628
1498410181423677448
1498411557323407360
1498413014885752835
1498419289145155589
1498427734556659715
1498442110839705606
1498459216054571010
1498461764912099338
1498465721487142914
1498467246036955142
1498476560281649153
1498486111567503363
1498500775076679684
1498505804307177477
1498516205740699650
1498518403157479425
1498532084465512451
1498544425458225159
1498558168443625473
1498563224291139584
1498571339783094278
1498571660764807170
1498572141293363203
1498572222105108482
1498573847016185857
1498579581279866882
1498585467503230979
1498587380105818115
1498588364722913289
1498590629848395784
1498599569965432832
1498609504594067456
1498620289122451459
1498621396741668866
1498625529225912324
1498625754870992901
1498627158285111297
1498631886251470852
1498632217588871171
1498635847360466946
1498643445623177218
1498644082582818819
1498649533802242052
1498653159685861377
1498659477586862094
1498663862895357953
1498666513150136325
1498669211777998857
1498671020315660298
1498671931071082499
1498681192027246592
1498690211223646210
1498692746969759750
1498693016076398594
1498698048318410754
1498699511044132871
1498701068783562755
1498706117966315522
1498726103766245377
1498726948071161859
1498727187389849603
1498729944884592647
1498740790859902982
1498740832043778051
1498741264887525380
1498742372125278208
1498744004976033797
1498747764783648775
1498755745982169094
1498756059632132099
1498756417121042434
1498758798630084623
1498764255600025606
1498767065850728453
1498767650884829187
1498770770352381957
1498772298261749761
1498774744811945985
1498780119384481793
1498781437373435908
1498790337837510656
1498793027493634050
1498817507507032072
1498825414495637504
1498826976139911168
1498837980206800897
1498847811625914376
1498884291635425281
1498901179237031940
1498928732060401668
1498937507274280964
1498947982749749255
1498948782318399489
1498954096212156419
1498974528294330375
1498981217554862082
1498981366255476737
1498987521015009281
1498988586607300611
1498994440714731523
1498995365416218629
1499003830327037957
1499004166173335558
1499009105117302784
1499010261574897668
1499013898225209348
1499014395824902155
1499021834171387905
1499025243914047493
1499026953529171968
1499027553054597121
1499034071271456777
1499036526474412033
1499042480448323595
1499043055638302730
1499048534783496194
1499074335830515719
1499080900923265024
1499083073216036868
1499088461407662099
1499091912187338752
1499091987018174464
1499093515502075915
1499097207080845314
1499099827845668864
1499124252737482759
1499126315877900293
1499127404874190851
1499132663785005060
1499134275165249550
1499150749430857732
1499211242703106049
1499228221061140488
1499236203308191745
1499276078870843396
1499317343570345990
1499323699060621312
1499336039902629891
1499339108560297987
1499339488274923526
1499407604203855882
1499410974356422663
1499419831803826182
1499433878846644225
1499455821880643597
1499456078987337731
1499458714843164673
1499473105911222280
1499513609482866688
1499551936323928064
1499553049781706755
1499655894702993412
1499672620895453184
1499678394119860227
1499680829416554496
1499696151758467075
1499701864723623937
1499715993739923458
1499718964502573058
1499731395022921734
1499737772336234507
1499738473259061252
1499740529965379585
1499761585413255170
1499763592878608389
1499764100028526598
1499781149337571346
1499785998951235595
1499820698650517505
1499827346576187394
1499828652418158592
1499839035744866307
1499847370103787522
1499852464958451717
1499857629346250752
1499863574264664067
1499872491606626316
1499957881139077126
1499990121227108355
1500017379706908672
1500027082465845249
1500033378753531906
1500035043938418693
1500039433504137219
1500048483465662469
1500050874139172867
1500056022953574407
1500058221544984576
1500060087955636228
1500069385221910532
1500069729205211139
1500078767225593856
1500100050546044930
1500100671831527426
1500102020396691461
1500115122026598403
1500116047537614848
1500123972935036933
1500126466490585088
1500129086697525250
1500182251878985734
1500185236306599938
1500189495550959620
1500250093164929029
1500286187457724420
1500364271720574976
1500365046886641667
1500376702018596864
1500378987142524930
1500386268013813761
1500391482527821826
1500411773018640386
1500455035125350403
1500456645234774021
1500458360151453698
1500458509787447300
1500463667728601088
1500463810989203457
1500478809413492738
1500478942129664000
1500479796593188873
1500482924247932933
1500485317647900672
1500486483534303235
1500506545192374274
1500510536563367939
1500520681129353221
1500521238896300039
1500546437284782087
1500552163377889282
1500579978790027265
1500582282586906627
1500594173065445376
1500597464268779520
1500624961442099204
1500697836496826368
1500767850176421890
1500774987426316290
1500776098564616201
1500777247975821314
1500780799993470977
1500810364157673475
1500810485721149446
1500816163827331073
1500822552683421701
1500823597178408963
1500826531211485186
1500832815717494785
1500833878264758275
1500833884132593667
1500834401676144647
1500834802831921157
1500834872373481474
1500836712934776839
1500838641446363142
1500843044194631686
1500851576344387584
1500855532260925442
1500860272151609351
1500860874340319241
1500870171736645632
1500884637543022592
1500907316383825926
1500909001340604420
1500914495396405260
1500921504363601922
1500932115969593345
1500941710448373764
1500964132547399680
1501054517995053059
1501062888127094785
1501063075838906368
1501064786146119680
1501095088184872961
1501101589024673795
1501102979025412098
1501110918637309952
1501117257870630914
1501120581802074113
1501121683998007298
1501121871202373632
1501124823963123712
1501124925112963072
1501129991224016899
1501135342484832258
1501141891454312452
1501142940898451456
1501144468673728516
1501148620103557120
1501149942949326850
1501155681663127560
1501157976379437062
1501160442424709124
1501160479669964801
1501160855295213572
1501163162997084162
1501167510678237198
1501167873590501380
1501168132123246595
1501176871471493121
1501182012576735238
1501182194139766794
1501187348046004232
1501189377543737347
1501192273710796805
1501195638058463237
1501198921774813197
1501204968593932289
1501205091914764300
1501207933660631042
1501209467156844552
1501211468712271873
1501214548166127624
1501216190496231431
1501219765100154883
1501227796860846081
1501233600825540612
1501233798893215750
1501233944863334403
1501234462134317060
1501234682872143875
1501234736357908481
1501237189216190468
1501237571657027591
1501237787110039559
1501237796064870400
1501238025992425474
1501238065498632201
1501238665674211330
1501243956318851073
1501248828485378050
1501251335571718146
1501252978690375680
1501255118074875907
1501272114875219968
1501272123297390596
1501273161228238851
1501273504947318786
1501274426125393921
1501276354628624386
1501278740638310406
1501279249835216896
1501279997440323585
1501281876266434560
1501282113911361540
1501282524038848513
1501293083643629569
1501293523777343491
1501295644262080512
1501298408811757571
1501298465967677440
1501298967363178500
1501299167351775238
1501300276334145539
1501302461365059584
1501303545806610433
1501304833420234752
1501305310539137026
1501305668829163528
1501306521908662275
1501306605450706946
1501306764704186368
1501307934810247171
1501308110262214662
1501308316319891459
1501308804746653696
1501309508563386374
1501310577087451144
1501311372403122185
1501314292292931591
1501314620769906690
1501315225923960840
1501316205176516621
1501318806857211908
1501319161389228037
1501319762097360904
1501319831177596939
1501321457049165833
1501323362471010304
1501324611769802754
1501326193294905345
1501332970778546181
1501332998368677890
1501335705196191746
1501340658799370250
1501343226170691586
1501347030718828550
1501348264599334916
1501348300611629058
1501352870536429569
1501355624013180931
1501360674680758272
1501364799032242185
1501370969075630083
1501422922988093441
1501432583300726784
1501441760068878338
1501452686855704578
1501459924508942336
1501466121333100544
1501467635988537345
1501467879212003329
1501467989912215553
1501472088946884609
1501475092127170565
1501475413675188226
1501479934895828995
1501481373751721985
1501485157798264832
1501488756741844997
1501489579894915076
1501495934122926084
1501497263880904707
1501498244781973511
1501499182468767747
1501504344209997827
1501506138151522305
1501506220145922048
1501506632920010752
1501509430197862404
1501517237068648451
1501518055494594563
1501528336299876357
1501528414095826945
1501529903912660996
1501530125216669702
1501540608657211394
1501543575166676995
1501545561774002176
1501545976905052167
1501546621036900352
1501554726504222726
1501556127842160642
1501558980698681344
1501563669620080645
1501569163562827781
1501572973295280129
1501574564085653506
1501577085139275784
1501577496503988226
1501578860156096516
1501580536522977282
1501580792778170372
1501580860084170752
1501585166304792581
1501586038736797701
1501586517365567493
1501586618729353216
1501587899522953220
1501588450360836097
1501589120375836676
1501590417300766720
1501591312369393667
1501593266030100482
1501594801375952899
1501595158265352193
1501595172043378697
1501595207392976896
1501596905859596291
1501598073872650244
1501598756407582723
1501600431738347520
1501602104888152067
1501603725655175171
1501603736199647236
1501604920344076293
1501608437125468175
1501608736955187201
1501609005910691846
1501611230863269892
1501611375491174417
1501611527014658049
1501611636351815682
1501611726034411524
1501612417532452870
1501612839483711489
1501612928994357255
1501612943519227909
1501613290832728068
1501613787488534532
1501614037704089604
1501615006940549129
1501615242207444995
1501616167194087425
1501616713082806274
1501616874454462467
1501617270249836547
1501617728326672384
1501618090467078146
1501618730287120387
1501619524029792258
1501620406716977160
1501620784254574597
1501621390587297795
1501622143259488259
1501622727014162440
1501623085753061379
1501623305706606594
1501623964996554752
1501624829702774787
1501625601567961090
1501625867142934532
1501627348386566158
1501627631275499520
1501629199936892929
1501629847201796099
1501630145714704396
1501630184042209283
1501631014338281476
1501631099512012808
1501631260539637761
1501631710919905283
1501631984958906377
1501632222897618955
1501633044045778945
1501633981833531403
1501636543273967626
1501637949259190272
1501639755829755905
1501641201648381961
1501641240273723397
1501642979793985539
1501644223195533313
1501644300802826245
1501648355608481801
1501649030354509831
1501649109547196427
1501650572503572485
1501652005743472648
1501652419385700355
1501657964259729408
1501661221447213062
1501664119333654531
1501668297149984773
1501674842487238659
1501676090477187073
1501676534553354241
1501677208720531456
1501677306611384330
1501678838308343814
1501679226197446660
1501685288267046917
1501688447672758275
1501689942237491206
1501693330320732161
1501707969393672195
1501724161022087168
1501731546579013636
1501757995671343106
1501777925481369601
1501779005871214594
1501782685416632320
1501787257480613890
1501794754551554054
1501797248677654531
1501800014460325889
1501805280748843008
1501809316139081731
1501813982738452487
1501815116483936259
1501815114575585280
1501818855097831427
1501824147860725761
1501826755795075073
1501831695749816321
1501836749428989953
1501842970118602753
1501843157587275777
1501843546499858434
1501847829735780352
1501849503644721153
1501852359571484674
1501854173490470922
1501860515634630656
1501861369477537794
1501862076200988677
1501862614527361027
1501863224471400449
1501865764084764672
1501868706648965123
1501868893308358659
1501874545296388101
1501874879049646081
1501875109069475847
1501875519318474752
1501876801253093383
1501878495366070276
1501879773026467853
1501882550649823237
1501883062078038019
1501885153559429124
1501886506109181952
1501890454408859654
1501893134493667331
1501893255289573379
1501894599387852806
1501894926505857025
1501896952816054279
1501897807870967808
1501898058682052608
1501898234813464586
1501898328673562632
1501899827042566148
1501902187919601665
1501904426017165318
1501905772191653895
1501906952607125510
1501909181879697412
1501915038256353284
1501915259967352844
1501916210174246916
1501920820326658056
1501921589348081670
1501923786114936832
1501925586582876160
1501928038849724417
1501931436630106119
1501931578460569605
1501932281329598464
1501934949762408468
1501936435972112384
1501936602255216640
1501938862649602048
1501939685882433542
1501941990962843654
1501942154217734157
1501942412293263362
1501944718300692480
1501945988197453844
1501946235921465345
1501951110038360064
1501952423996186626
1501959445244485632
1501960061761077248
1501963610603593735
1501973751268884483
1501978029882544136
1501979986252734475
1501981213937963023
1501981945147895813
1501986242069598221
1501987442752212995
1501989707508776960
1501991104912281601
1501991222239502345
1502017969295142918
1502019719997673478
1502024869818650630
1502029170922164240
1502034485260570629
1502040134715420674
1502041630475538434
1502042299441848325
1502042991963394051
1502043204056756252
1502043830912176140
1502045554393726976
1502045988252495879
1502046114647793676
1502046343874887691
1502046377341337603
1502050603786285078
1502054065915809792
1502056712261586947
1502072717943754754
1502079215541309457
1502080005626552320
1502085856466595842
1502087130566250521
1502105356478169094
1502121161076924421
1502150598304550913
1502152839652540416
1502154869976690694
1502155803641319424
1502166959743332353
1502168152129499140
1502170766590181376
1502172945577222153
1502175557609345028
1502192654364336130
1502192752594808832
1502196641092284423
1502200291952836609
1502200481820467200
1502207653191327746
1502208740350578691
1502213003437084677
1502216298717134848
1502217551635525632
1502219126269374470
1502219603736506371
1502221956971741185
1502222945216778241
1502224210046955521
1502224831210831873
1502229736017305605
1502230927711379461
1502232788539428873
1502235311564554240
1502239807904399361
1502247105825546242
1502249909982007303
1502249921772195842
1502253481045938182
1502259296779870209
1502265365690261512
1502265833774632961
1502268941015687175
1502270235201753094
1502271821898469376
1502272931476480002
1502272957351145472
1502273358989254667
1502274152681586694
1502274740257501187
1502279176795082756
1502280089152761857
1502283162365353984
1502287299253620736
1502288595796824065
1502289929157726217
1502294500768690179
1502294931452403713
1502295504868282376
1502298470685810689
1502301671405371394
1502304860301107203
1502305429220691971
1502309870514720775
1502310305522761733
1502314160952164370
1502314199984259081
1502314546240929793
1502315042976452616
1502319417274912772
1502319480222924803
1502320976855552004
1502324070980980737
1502333530210193415
1502338671151878147
1502341190007590914
1502346991199784964
1502347371971239951
1502347643812470787
1502348099565543427
1502349156974833673
1502351147704721411
1502351487866839043
1502351599074787329
1502351990986317826
1502353108810223624
1502355407746052105
1502356477608136712
1502359467958095879
1502364057973764102
1502366052688310277
1502369086029901826
1502380204123209731
1502381601027678209
1502394173739175940
1502399171030130695
1502400603758211080
1502402302698790919
1502409228178399239
1502413071247200259
1502440346948554753
1502446126905147400
1502486747103600641
1502493714349965314
1502499667208294403
1502535661693419526
1502536364746854403
1502537035462201348
1502538368508477441
1502562558347145216
1502577952982241284
1502589912847114242
1502593555642175494
1502603144106323971
1502609189700579329
1502610917779030017
1502614570749382656
1502617610843824136
1502618239012151302
1502620313334415360
1502621678605529089
1502622236171198474
1502622802494513157
1502624889924161540
1502627799852589069
1502629101076680705
1502630556802203655
1502633014370742276
1502635440750440454
1502644679430578177
1502645497307275268
1502646081028603907
1502647898395316224
1502664245502259204
1502682413025173506
1502713797513027588
1502719206776786947
1502727061160484866
1502727246909480961
1502728149926395916
1502728965647183874
1502729218479865864
1502729398017040385
1502742392146997256
1502756373729353738
1502756661580255235
1502760190885736455
1502768077737496577
1502770784179302402
1502775258335662083
1502780897564708864
1502781094764109830
1502781521064865794
1502784159126855680
1502789871617855488
1502799484979453957
1502818753331044353
1502828290196664324
1502828444371070979
1502846825090494465
1502858706270277633
1502861006489403392
1502863570656243717
1502873163906043904
1502878731320594432
1502884882862817281
1502887551018881025
1502893012938113025
1502898502757617668
1502903611986116609
1502905801970700295
1502916346224553987
1502918627435196419
1502918937968787458
1502919362881204228
1502925701120417793
1502929552703639553
1502936017069821953
1502936527034277891
1502938048484593671
1502946447326650372
1502946842761379845
1502956831320297473
1502956968033632256
1502957312696279045
1502958426175033344
1502958553719578627
1502959657844985856
1502960694018326532
1502963386472140801
1502968780443602947
1502970081034350597
1502971955611324416
1502973409000632327
1502976195633328128
1502987358576205831
1502991874625355783
1502994652282171392
1502994921803952128
1503002354437787648
1503002779740164101
1503007982921076737
1503008491073642496
1503028532431278086
1503029432964968449
1503033731136856065
1503038177568718849
1503045463817269257
1503045598118883328
1503050600455581700
1503050701118844937
1503053193093210113
1503057940814733319
1503059849617326090
1503060147157061645
1503063346865741824
1503067220896854023
1503067916916383750
1503067920360153089
1503067952316403720
1503068022059282435
1503068059636019203
1503068096453615618
1503068157841453060
1503068315736055812
1503068592312659978
1503068897343381509
1503069148578029573
1503069203737321483
1503069227955195909
1503069862368886784
1503070116803756042
1503070981694308353
1503071347110461441
1503071598567374852
1503072108062158849
1503072592961409024
1503073412100628481
1503073421294460935
1503074194401202185
1503074314186334210
1503075847657373697
1503076795410792448
1503078711968555019
1503080238938472453
1503081424831885315
1503081710367432705
1503082383674945537
1503083360066969606
1503083404333568008
1503083846677446664
1503084391874105350
1503084841046351872
1503088450865672194
1503094459638112261
1503096103163600903
1503097363736547335
1503099894478819336
1503111646222368768
1503111854377340930
1503112529337360389
1503119752981581827
1503121277632102401
1503123507613470733
1503123736769179651
1503127148244123649
1503128558159470607
1503132807618600967
1503133803451138049
1503135447773548552
1503135874950832128
1503135881041002498
1503139352053964809
1503140779933540352
1503141134700269579
1503144280419975170
1503152129934077955
1503183511037042691
1503207035487371265
1503213988242501635
1503215641658068992
1503254843225432065
1503264374697480202
1503265722767716358
1503273820035158016
1503277386154004480
1503280085549342720
1503280320136847360
1503282972023214083
1503284058813575169
1503285301631848448
1503291422652383233
1503294636944732163
1503300475034218498
1503302850180440071
1503309964265197576
1503311080390635521
1503313261420294145
1503314455819603971
1503320919959392265
1503325070642409473
1503330019334139908
1503332759942664193
1503333780194529283
1503334034801373186
1503347838566252548
1503357974122745858
1503358208194265093
1503359078264889347
1503366982875463692
1503368048606167040
1503371620819226626
1503380509128286215
1503381491228848134
1503381648573927430
1503382754662260745
1503383110901280772
1503384112383643654
1503387603118301193
1503394816293539843
1503396469537128456
1503400599982944259
1503400621646532613
1503402375935152140
1503403514265055243
1503404940269694977
1503405373247602696
1503408199180951559
1503411158539247621
1503411345290665992
1503411389926363136
1503414248415846410
1503415029957332999
1503415181518508036
1503415716241944578
1503416801765564422
1503417455741337603
1503419611961872386
1503419751556653062
1503420298082885632
1503420620247343111
1503421445916999683
1503423371282952194
1503430066566483970
1503436803818283018
1503439037339738116
1503440673948815374
1503441360820617219
1503445905596375045
1503449536534036481
1503455247255187458
1503458832542052359
1503459596072992771
1503461029006745609
1503462431577849857
1503465901231849473
1503472941450809349
1503475904135237638
1503483093096845319
1503483372366090244
1503483620484435976
1503483933530497031
1503487838721286144
1503501703093575689
1503502482902708226
1503506644734521345
1503516827405754372
1503520965371830272
1503532780495515650
1503539441239044098
1503572507223375873
1503584966676041729
1503589530049392640
1503590685970243585
1503594484445200384
1503604624284131328
1503609437218643974
1503611884301336578
1503618525369442305
1503618863858130945
1503623312286658560
1503627818307096578
1503630384231235593
1503633126660186114
1503639152251883534
1503645165784817673
1503649277146447872
1503650361164378115
1503652995552141320
1503657363240329219
1503658048870625283
1503659852001955842
1503660920010117121
1503664861510873088
1503665143942688768
1503667924472639492
1503669208957128708
1503669398044872708
1503689860976156676
1503697785731883012
1503700617948188673
1503701671435718662
1503701829556842496
1503702295082582018
1503704422010036224
1503704766278475778
1503704815855095814
1503705565129842692
1503706557200093195
1503707749577863173
1503707842552999939
1503708687512346625
1503710455004606477
1503712884953690117
1503716187695460358
1503719028438806532
1503719891102318592
1503720166995206145
1503721431842045956
1503721821744599047
1503724735368151040
1503725821084766225
1503732716872863745
1503733554433380354
1503736241497509900
1503738639897010180
1503740299591397377
1503744220502368268
1503744551915298821
1503744950810431493
1503759547151921167
1503760936808632327
1503766175355916290
1503775389793099777
1503782184515166217
1503783675783221262
1503798364357472261
1503799621314879494
1503800685443395588
1503807707907772421
1503809090270736384
1503809640748171264
1503809646393544715
1503812235474477062
1503819085200642050
1503819423353815042
1503820747101413376
1503821350904946690
1503830493988597772
1503831032843452420
1503834091388608514
1503834121323307013
1503837251104559108
1503848041924734977
1503848192051449861
1503849770955251716
1503851167469780998
1503855330572210176
1503857842108907526
1503862832647090182
1503863503857364993
1503865700108193793
1503871225705156610
1503921637913206784
1503925606358339588
1503970208033214466
1503975242577977345
1503987131060035588
1503989158653612040
1504013319753056256
1504028550650908673
1504029706806571009
1504037466386440198
1504047477221175302
1504047640299950080
1504051034645315589
1504051892443176966
1504053732782313473
1504054529435779072
1504071420686569475
1504072693968252930
1504072709566828548
1504074401863680004
1504091976102256647
1504092261918859267
1504094304570073093
1504099598020845570
1504110237313167377
1504110640956379136
1504127656010342400
1504133188523859969
1504133439083225095
1504134115431534600
1504136427394658304
1504145757665996805
1504159350415314945
1504163480424701956
1504171402773114882
1504180701914181634
1504185777747595270
1504208578592317441
1504218074328805378
1504223486381735936
1504259758412341251
1504549856127459331
1504730320725237778
1504741627067346945
1504810103781924888
1504823249397559297
1504868094484926466
1504869338960039968
1504869520548274176
1504870815761895425
1504874123289366574
1504883101369081861
1504897446006059008
1504898015244570624
1504898637243027457
1504936945826287640
